Running time of Shell sorting: 
0
58
285
541
622
925
1412
1835
2407
3052
4150
4768
5548
6657
7970
9399
10426
12151
13464
15000
16471
18671
20713
22873
24840
26846
29904
31595
34788
37091
40356
44792
47167
49545
53175
55779
59513
62745
67720
70684
77597
78572
83172
87641
92594
98082
101399
106043
114787
116558
122355
129372
133838
140531
142875
155358
162951
166292
175703
184834
186901
203904
227254
213448
218488
234854
253008
248968
247670
264235
251373
253378
277037
293107
304128
300106
317249
330721
310842
339033
342789
342502
357084
369600
365574
383826
396038
405678
411290
419736
431242
438719
449281
469688
472415
488896
494390
509050
522339
536547
